TABLE TrkAlignPlane
    0,     0_0_0,  0.186710, -0.054885, -0.081834, -0.001586, -0.000174,  0.000378
    1,     1_0_0, -0.181184, -0.045730, -0.036293,  0.001034, -0.000830, -0.000081
    2,     2_0_0, -0.201792, -0.021495, -0.452132, -0.000063, -0.000310, -0.000383
    3,     3_0_0,  0.080409, -0.201968,  0.301917, -0.000606,  0.000256, -0.000351
    4,     4_0_0, -0.382253, -0.137265, -0.440170, -0.000583, -0.000005,  0.000035
    5,     5_0_0,  0.139801,  0.803617,  0.346237, -0.000365, -0.000972,  0.000374
    6,     6_0_0, -0.156269, -0.104076,  0.020122, -0.001291,  0.000772,  0.000548
    7,     7_0_0, -0.068362, -0.087582,  0.026954,  0.000869,  0.000406, -0.000161
    8,     8_0_0,  0.000000,  0.000000,  0.000000,  0.000000,  0.000000,  0.000000
    9,     9_0_0,  0.000000,  0.000000,  0.000000,  0.000000,  0.000000,  0.000000
   10,    10_0_0,  0.030716, -0.014026, -0.314515, -0.000030,  0.000170, -0.000126
   11,    11_0_0, -0.249428,  0.029009,  0.076814,  0.000084,  0.000267, -0.000206
   12,    12_0_0,  0.165549, -0.058148, -0.396250, -0.000516,  0.000328,  0.000109
   13,    13_0_0, -0.378289, -0.049696,  0.252362,  0.000588,  0.000123,  0.000249
   14,    14_0_0,  0.000000,  0.000000,  0.000000,  0.000000,  0.000000,  0.000000
   15,    15_0_0,  0.000000,  0.000000,  0.000000,  0.000000,  0.000000,  0.000000
   16,    16_0_0, -0.368308, -0.074657,  0.296611, -0.001114,  0.000674,  0.000338
   17,    17_0_0,  0.165478, -0.074402, -0.155144,  0.000665,  0.000287,  0.000153
   18,    18_0_0,  0.103402,  0.119935, -0.125135, -0.000609,  0.000045, -0.000022
   19,    19_0_0, -0.242920, -0.025914,  0.137623,  0.000072,  0.000395, -0.000315
   20,    20_0_0,  0.018081, -0.149447, -0.316773, -0.000957,  0.000203,  0.000073
   21,    21_0_0, -0.198814, -0.008314,  0.278739, -0.001614, -0.002515, -0.001456
   22,    22_0_0,  0.154941,  0.005644, -0.036489, -0.000808,  0.000307, -0.000150
   23,    23_0_0, -0.309769,  0.169832, -0.013453,  0.000813,  0.000378, -0.000228
   24,    24_0_0, -0.003607, -0.062460, -0.505386, -0.001906,  0.000442,  0.000048
   25,    25_0_0, -0.257449, -0.015876,  0.492070,  0.001743,  0.000041, -0.000004
   26,    26_0_0, -0.011177, -0.079568, -0.883073, -0.000579, -0.000125,  0.000048
   27,    27_0_0,  0.081164,  0.114692,  0.923328,  0.000660,  0.000399, -0.000147
   28,    28_0_0, -0.033736,  0.110634, -0.222843, -0.000223,  0.000137,  0.000046
   29,    29_0_0, -0.230689,  0.013787,  0.120670, -0.000693, -0.000463,  0.000137
   30,    30_0_0, -0.004680, -0.007088,  0.103492, -0.000932,  0.000302, -0.000201
   31,    31_0_0, -0.179032, -0.033512, -0.161444,  0.001145, -0.000467, -0.000460
   32,    32_0_0,  0.035532, -0.072046,  0.043345, -0.000533,  0.000090,  0.000221
   33,    33_0_0, -0.239561, -0.044519,  0.039507,  0.000318,  0.000178,  0.000113
   34,    34_0_0, -0.095332, -0.007779,  0.006039, -0.001048, -0.000214, -0.000107
   35,    35_0_0, -0.090925,  0.063286, -0.012003,  0.000696, -0.000124, -0.000291

TABLE TrkAlignPanel
    0,     0_0_0,  0.000000, -0.128060,  0.280119, -0.001668,  0.000826, -0.000040
    1,     0_1_0,  0.000000,  0.242131, -0.409239, -0.000939, -0.001534,  0.000468
    2,     0_2_0,  0.000000,  0.000000,  0.000000,  0.000000,  0.000000,  0.000000
    3,     0_3_0,  0.000000,  0.059909,  0.458542, -0.000554,  0.000966, -0.000306
    4,     0_4_0,  0.000000,  0.093771, -0.144421, -0.000799,  0.000029,  0.000087
    5,     0_5_0,  0.000000,  0.261921,  0.086389,  0.001037, -0.001467,  0.000267
    6,     1_0_0,  0.000000,  0.067329,  0.148357, -0.001304, -0.000741, -0.000191
    7,     1_1_0,  0.000000,  0.236915,  0.670351,  0.000794,  0.001181, -0.000320
    8,     1_2_0,  0.000000,  0.000000,  0.000000,  0.000000,  0.000000,  0.000000
    9,     1_3_0,  0.000000,  0.100702,  0.050928,  0.000787,  0.000065, -0.000187
   10,     1_4_0,  0.000000,  0.151633,  0.302063, -0.002429,  0.000977,  0.000157
   11,     1_5_0,  0.000000,  0.110501, -0.270849, -0.001123, -0.000455,  0.000139
   12,     2_0_0,  0.000000,  0.080208,  0.638069, -0.003246, -0.000850,  0.000335
   13,     2_1_0,  0.000000, -0.008233,  0.433906, -0.000994, -0.000665, -0.000009
   14,     2_2_0,  0.000000,  0.000000,  0.000000,  0.000000,  0.000000,  0.000000
   15,     2_3_0,  0.000000,  0.066939,  0.505723, -0.001120,  0.000870, -0.000036
   16,     2_4_0,  0.000000, -0.024990, -0.374152,  0.001600,  0.002312, -0.000110
   17,     2_5_0,  0.000000, -0.040112, -0.675718,  0.001090,  0.001072, -0.000037
   18,     3_0_0,  0.000000,  0.000000,  0.000000,  0.000000,  0.000000,  0.000000
   19,     3_1_0,  0.000000, -0.013494, -0.150754,  0.000764, -0.001212, -0.000198
   20,     3_2_0,  0.000000,  0.005435, -0.319415,  0.000345, -0.001124, -0.000513
   21,     3_3_0,  0.000000,  0.004083,  0.097800,  0.000675,  0.001373, -0.000102
   22,     3_4_0,  0.000000, -0.012506,  0.266444, -0.001557,  0.000904, -0.000076
   23,     3_5_0,  0.000000,  0.000000,  0.000000,  0.000000,  0.000000,  0.000000
   24,     4_0_0,  0.000000,  0.043085, -0.012470,  0.001034,  0.000139,  0.000088
   25,     4_1_0,  0.000000, -0.090095,  0.038897, -0.000396, -0.000304,  0.000139
   26,     4_2_0,  0.000000,  0.077593,  0.388025, -0.001052, -0.000528,  0.000257
   27,     4_3_0,  0.000000,  0.030324,  0.295990, -0.000895,  0.000486,  0.000173
   28,     4_4_0,  0.000000, -0.043953, -0.040664, -0.000059,  0.000634, -0.000221
   29,     4_5_0,  0.000000,  0.000000,  0.000000,  0.000000,  0.000000,  0.000000
   30,     5_0_0,  0.000000,  0.000000,  0.000000,  0.000000,  0.000000,  0.000000
   31,     5_1_0,  0.000000,  0.000000,  0.467942,  0.001608,  0.001362,  0.000058
   32,     5_2_0,  0.000000,  0.000000,  0.000000,  0.000000,  0.000000,  0.000000
   33,     5_3_0,  0.000000,  0.000000,  0.000000,  0.000000,  0.000000,  0.000000
   34,     5_4_0,  0.000000,  0.000000,  0.467942, -0.002663, -0.000902,  0.000244
   35,     5_5_0,  0.000000,  0.000000,  0.000000,  0.000000,  0.000000,  0.000000
   36,     6_0_0,  0.000000,  0.135390,  0.042402, -0.002048,  0.000308, -0.000320
   37,     6_1_0,  0.000000,  0.102772, -0.358575, -0.001821,  0.000109,  0.000479
   38,     6_2_0,  0.000000, -0.021307,  0.005349, -0.000733, -0.001468, -0.001269
   39,     6_3_0,  0.000000,  0.168632,  0.406318, -0.000553,  0.000015,  0.000396
   40,     6_4_0,  0.000000,  0.000000,  0.000000,  0.000000,  0.000000,  0.000000
   41,     6_5_0,  0.000000,  0.000000,  0.000000,  0.000000,  0.000000,  0.000000
   42,     7_0_0,  0.000000,  0.000000,  0.000000,  0.000000,  0.000000,  0.000000
   43,     7_1_0,  0.000000,  0.000000,  0.000000,  0.000000,  0.000000,  0.000000
   44,     7_2_0,  0.000000, -0.013094, -0.063087,  0.000286, -0.000490, -0.000411
   45,     7_3_0,  0.000000, -0.007560,  0.052380,  0.000589, -0.000508,  0.000113
   46,     7_4_0,  0.000000,  0.000000,  0.000000,  0.000000,  0.000000,  0.000000
   47,     7_5_0,  0.000000, -0.015119, -0.115469, -0.001156,  0.000479, -0.000392
   48,     8_0_0,  0.000000,  0.000000,  0.000000,  0.000000,  0.000000,  0.000000
   49,     8_1_0,  0.000000,  0.000000,  0.000000,  0.000000,  0.000000,  0.000000
   50,     8_2_0,  0.000000,  0.000000,  0.000000,  0.000000,  0.000000,  0.000000
   51,     8_3_0,  0.000000,  0.000000,  0.000000,  0.000000,  0.000000,  0.000000
   52,     8_4_0,  0.000000,  0.000000,  0.000000,  0.000000,  0.000000,  0.000000
   53,     8_5_0,  0.000000,  0.000000,  0.000000,  0.000000,  0.000000,  0.000000
   54,     9_0_0,  0.000000,  0.000000,  0.000000,  0.000000,  0.000000,  0.000000
   55,     9_1_0,  0.000000,  0.000000,  0.000000,  0.000000,  0.000000,  0.000000
   56,     9_2_0,  0.000000,  0.000000,  0.000000,  0.000000,  0.000000,  0.000000
   57,     9_3_0,  0.000000,  0.000000,  0.000000,  0.000000,  0.000000,  0.000000
   58,     9_4_0,  0.000000,  0.000000,  0.000000,  0.000000,  0.000000,  0.000000
   59,     9_5_0,  0.000000,  0.000000,  0.000000,  0.000000,  0.000000,  0.000000
   60,    10_0_0,  0.000000,  0.056801,  0.473295, -0.000732, -0.000044, -0.000276
   61,    10_1_0,  0.000000, -0.024720,  0.028524, -0.000625, -0.001164,  0.000042
   62,    10_2_0,  0.000000, -0.009090, -0.233667, -0.001659, -0.001208, -0.000192
   63,    10_3_0,  0.000000,  0.002821,  0.386391,  0.000875,  0.001209, -0.000051
   64,    10_4_0,  0.000000,  0.000000,  0.000000,  0.000000,  0.000000,  0.000000
   65,    10_5_0,  0.000000, -0.068011, -0.175285, -0.000730,  0.000181,  0.000526
   66,    11_0_0,  0.000000,  0.000000,  0.000000,  0.000000,  0.000000,  0.000000
   67,    11_1_0,  0.000000,  0.117091,  0.017769,  0.000652,  0.000026,  0.000230
   68,    11_2_0,  0.000000,  0.048455, -0.190176,  0.000971,  0.000332, -0.000028
   69,    11_3_0,  0.000000, -0.025701,  0.146867,  0.000627, -0.000898, -0.000370
   70,    11_4_0,  0.000000,  0.147897, -0.022627, -0.000492, -0.000196, -0.000044
   71,    11_5_0,  0.000000,  0.087658, -0.377445, -0.001561,  0.000352,  0.000156
   72,    12_0_0,  0.000000,  0.020550,  0.064903,  0.000922,  0.000711, -0.000025
   73,    12_1_0,  0.000000,  0.000000,  0.000000,  0.000000,  0.000000,  0.000000
   74,    12_2_0,  0.000000,  0.047819,  0.114490,  0.000811, -0.001082, -0.000029
   75,    12_3_0,  0.000000, -0.047230,  0.119299, -0.000545,  0.000772, -0.000346
   76,    12_4_0,  0.000000,  0.075090, -0.060092,  0.000019,  0.000518, -0.000301
   77,    12_5_0,  0.000000,  0.000000,  0.000000,  0.000000,  0.000000,  0.000000
   78,    13_0_0,  0.000000,  0.000000,  0.000000,  0.000000,  0.000000,  0.000000
   79,    13_1_0,  0.000000,  0.093897,  0.356517,  0.001101,  0.000483, -0.000181
   80,    13_2_0,  0.000000,  0.000000,  0.000000,  0.000000,  0.000000,  0.000000
   81,    13_3_0,  0.000000,  0.108643, -0.096338,  0.000184, -0.000312,  0.000262
   82,    13_4_0,  0.000000, -0.012775,  0.106961, -0.000111, -0.000420,  0.000044
   83,    13_5_0,  0.000000,  0.101271, -0.153223, -0.000996,  0.000170,  0.000000
   84,    14_0_0,  0.000000,  0.000000,  0.000000,  0.000000,  0.000000,  0.000000
   85,    14_1_0,  0.000000,  0.000000,  0.000000,  0.000000,  0.000000,  0.000000
   86,    14_2_0,  0.000000,  0.000000,  0.000000,  0.000000,  0.000000,  0.000000
   87,    14_3_0,  0.000000,  0.000000,  0.000000,  0.000000,  0.000000,  0.000000
   88,    14_4_0,  0.000000,  0.000000,  0.000000,  0.000000,  0.000000,  0.000000
   89,    14_5_0,  0.000000,  0.000000,  0.000000,  0.000000,  0.000000,  0.000000
   90,    15_0_0,  0.000000,  0.000000,  0.000000,  0.000000,  0.000000,  0.000000
   91,    15_1_0,  0.000000,  0.000000,  0.000000,  0.000000,  0.000000,  0.000000
   92,    15_2_0,  0.000000,  0.000000,  0.000000,  0.000000,  0.000000,  0.000000
   93,    15_3_0,  0.000000,  0.000000,  0.000000,  0.000000,  0.000000,  0.000000
   94,    15_4_0,  0.000000,  0.000000,  0.000000,  0.000000,  0.000000,  0.000000
   95,    15_5_0,  0.000000,  0.000000,  0.000000,  0.000000,  0.000000,  0.000000
   96,    16_0_0,  0.000000, -0.174970,  0.219155, -0.000355, -0.000205, -0.000156
   97,    16_1_0,  0.000000,  0.054228,  0.016851, -0.002041, -0.000548,  0.000183
   98,    16_2_0,  0.000000, -0.215795, -0.229563,  0.000641, -0.000679,  0.000059
   99,    16_3_0,  0.000000,  0.000000,  0.000000,  0.000000,  0.000000,  0.000000
  100,    16_4_0,  0.000000, -0.148419, -0.111209,  0.001871,  0.000498, -0.000200
  101,    16_5_0,  0.000000, -0.008237, -0.138469,  0.000293, -0.000370, -0.000564
  102,    17_0_0,  0.000000,  0.087779,  0.063632,  0.000954, -0.000323, -0.000315
  103,    17_1_0,  0.000000,  0.065433,  0.113524,  0.001401,  0.000250, -0.000291
  104,    17_2_0,  0.000000, -0.209355,  0.188292, -0.000094,  0.000559, -0.000105
  105,    17_3_0,  0.000000, -0.004761,  0.122133,  0.000381, -0.000933, -0.000349
  106,    17_4_0,  0.000000,  0.000000,  0.000000,  0.000000,  0.000000,  0.000000
  107,    17_5_0,  0.000000, -0.226985,  0.016256, -0.000472,  0.000495,  0.000254
  108,    18_0_0,  0.000000,  0.000000,  0.000000,  0.000000,  0.000000,  0.000000
  109,    18_1_0,  0.000000, -0.171702,  0.031628, -0.000516,  0.000071,  0.000202
  110,    18_2_0,  0.000000,  0.000000,  0.000000,  0.000000,  0.000000,  0.000000
  111,    18_3_0,  0.000000,  0.028120,  0.188344,  0.000140,  0.000894, -0.000439
  112,    18_4_0,  0.000000, -0.173050,  0.097943,  0.000882,  0.000125, -0.000147
  113,    18_5_0,  0.000000, -0.071795, -0.122031,  0.000020, -0.000379,  0.000272
  114,    19_0_0,  0.000000,  0.130790,  0.348343,  0.001337, -0.000596,  0.000289
  115,    19_1_0,  0.000000, -0.149509,  0.074460,  0.000742,  0.000089,  0.000392
  116,    19_2_0,  0.000000,  0.265575, -0.364106, -0.000122,  0.000144,  0.000239
  117,    19_3_0,  0.000000,  0.000000,  0.000000,  0.000000,  0.000000,  0.000000
  118,    19_4_0,  0.000000,  0.068709, -0.232399, -0.000490,  0.000119,  0.000215
  119,    19_5_0,  0.000000,  0.041979, -0.322611, -0.002663,  0.000425, -0.000936
  120,    20_0_0,  0.000000,  0.020059,  0.158682, -0.000741,  0.000156,  0.000072
  121,    20_1_0,  0.000000,  0.105126,  0.062245, -0.001427, -0.000903,  0.000256
  122,    20_2_0,  0.000000,  0.286103,  0.186263, -0.000100, -0.000920, -0.000609
  123,    20_3_0,  0.000000,  0.164443,  0.287672, -0.000285,  0.000714, -0.000115
  124,    20_4_0,  0.000000,  0.101716,  0.037631,  0.001375,  0.000083,  0.000398
  125,    20_5_0,  0.000000,  0.365189,  0.032663,  0.000075,  0.000137, -0.000397
  126,    21_0_0,  0.000000,  0.000000,  0.000000,  0.000000,  0.000000,  0.000000
  127,    21_1_0,  0.000000,  0.101304,  1.126132,  0.003396,  0.003187, -0.001926
  128,    21_2_0,  0.000000, -0.122649, -0.129862, -0.001381,  0.004004,  0.001125
  129,    21_3_0,  0.000000,  0.000000,  0.000000,  0.000000,  0.000000,  0.000000
  130,    21_4_0,  0.000000,  0.026413,  1.966680,  0.002611, -0.001763,  0.001928
  131,    21_5_0,  0.000000, -0.055564,  0.710674,  0.000338, -0.002920, -0.001368
  132,    22_0_0,  0.000000,  0.123129,  0.156376, -0.000844,  0.000541, -0.000477
  133,    22_1_0,  0.000000,  0.000000,  0.000000,  0.000000,  0.000000,  0.000000
  134,    22_2_0,  0.000000,  0.012594, -0.041088, -0.001462, -0.000765, -0.000033
  135,    22_3_0,  0.000000,  0.064716, -0.007246,  0.000558,  0.000271, -0.000208
  136,    22_4_0,  0.000000,  0.011819, -0.066254,  0.001162,  0.000362,  0.000209
  137,    22_5_0,  0.000000, -0.063371,  0.056284,  0.000632, -0.000041,  0.000122
  138,    23_0_0,  0.000000,  0.000000,  0.000000,  0.000000,  0.000000,  0.000000
  139,    23_1_0,  0.000000, -0.031196,  0.189249,  0.001547,  0.000344, -0.000009
  140,    23_2_0,  0.000000,  0.000000,  0.000000,  0.000000,  0.000000,  0.000000
  141,    23_3_0,  0.000000,  0.031196, -0.050628,  0.000283, -0.000842,  0.000017
  142,    23_4_0,  0.000000, -0.054036,  0.138618, -0.000932, -0.000138, -0.000038
  143,    23_5_0,  0.000000,  0.000000,  0.000000,  0.000000,  0.000000,  0.000000
  144,    24_0_0,  0.000000, -0.008723,  0.075437, -0.001305,  0.000513,  0.000057
  145,    24_1_0,  0.000000, -0.078829,  0.046172, -0.001652, -0.000763,  0.000110
  146,    24_2_0,  0.000000,  0.038511, -0.055318, -0.000511, -0.001083, -0.000006
  147,    24_3_0,  0.000000, -0.053345,  0.145059,  0.001232,  0.000874,  0.000123
  148,    24_4_0,  0.000000, -0.007179,  0.068740,  0.001494,  0.000616, -0.000209
  149,    24_5_0,  0.000000, -0.025179, -0.102369,  0.001432, -0.000430, -0.000652
  150,    25_0_0,  0.000000,  0.000000,  0.000000,  0.000000,  0.000000,  0.000000
  151,    25_1_0,  0.000000, -0.037831,  0.230731,  0.001079,  0.000289, -0.000031
  152,    25_2_0,  0.000000, -0.184504, -0.072805, -0.000379,  0.000949, -0.000266
  153,    25_3_0,  0.000000,  0.059944,  0.058499, -0.000419, -0.000702, -0.000075
  154,    25_4_0,  0.000000, -0.176930,  0.318921, -0.002810, -0.000076,  0.000184
  155,    25_5_0,  0.000000, -0.148726, -0.043126, -0.001485, -0.000122,  0.000118
  156,    26_0_0,  0.000000,  0.208699,  0.076030,  0.000172,  0.000237, -0.000536
  157,    26_1_0,  0.000000,  0.000000,  0.000000,  0.000000,  0.000000,  0.000000
  158,    26_2_0,  0.000000, -0.027258, -0.230818, -0.001037, -0.000494, -0.000039
  159,    26_3_0,  0.000000,  0.000000,  0.000000,  0.000000,  0.000000,  0.000000
  160,    26_4_0,  0.000000,  0.090720,  0.096577,  0.000301, -0.000019,  0.000491
  161,    26_5_0,  0.000000, -0.204346, -0.058212,  0.001080, -0.000105,  0.000320
  162,    27_0_0,  0.000000, -0.257621,  0.125366,  0.001506,  0.000279, -0.000008
  163,    27_1_0,  0.000000,  0.034226,  0.086741,  0.000560, -0.000656, -0.000162
  164,    27_2_0,  0.000000,  0.000000,  0.000000,  0.000000,  0.000000,  0.000000
  165,    27_3_0,  0.000000, -0.155671,  0.151055, -0.001857, -0.000243, -0.000147
  166,    27_4_0,  0.000000,  0.035646,  0.092758, -0.000953, -0.000466, -0.000358
  167,    27_5_0,  0.000000,  0.162389, -0.019670, -0.000017,  0.000495, -0.000402
  168,    28_0_0,  0.000000,  0.000000,  0.000000,  0.000000,  0.000000,  0.000000
  169,    28_1_0,  0.000000,  0.030455,  0.090584, -0.000315, -0.000445, -0.000268
  170,    28_2_0,  0.000000, -0.038014,  0.250321, -0.000935, -0.000282, -0.000126
  171,    28_3_0,  0.000000, -0.079519,  0.008033,  0.000702, -0.000303, -0.000119
  172,    28_4_0,  0.000000,  0.076233, -0.037854,  0.000395,  0.000004, -0.000326
  173,    28_5_0,  0.000000, -0.057455,  0.113846,  0.000412, -0.000012, -0.000652
  174,    29_0_0,  0.000000,  0.006485, -0.219102, -0.000440, -0.000993, -0.000066
  175,    29_1_0,  0.000000, -0.119830,  0.152014,  0.000359,  0.000581, -0.000026
  176,    29_2_0,  0.000000, -0.051415,  0.127317, -0.001181,  0.001670, -0.000560
  177,    29_3_0,  0.000000, -0.114974, -0.068879,  0.004654, -0.000251, -0.000083
  178,    29_4_0,  0.000000, -0.026675,  0.458338, -0.001395, -0.000350,  0.000627
  179,    29_5_0,  0.000000, -0.167550,  0.283423, -0.000500, -0.000948,  0.000322
  180,    30_0_0,  0.000000,  0.022198,  0.064905,  0.001193,  0.000453, -0.000583
  181,    30_1_0,  0.000000,  0.056013, -0.032965, -0.001029, -0.000141, -0.000246
  182,    30_2_0,  0.000000, -0.024162, -0.055950, -0.000256, -0.000572, -0.000011
  183,    30_3_0,  0.000000,  0.129740,  0.045669, -0.001162,  0.000668, -0.000031
  184,    30_4_0,  0.000000, -0.064828, -0.072767,  0.001678,  0.000488, -0.000012
  185,    30_5_0,  0.000000,  0.052724, -0.076526,  0.000712, -0.000186,  0.000148
  186,    31_0_0,  0.000000, -0.197976,  0.285463,  0.001117,  0.000637,  0.000232
  187,    31_1_0,  0.000000,  0.056648,  0.078148,  0.004427, -0.000127, -0.000097
  188,    31_2_0,  0.000000, -0.047550,  0.279698, -0.001468,  0.000238,  0.000276
  189,    31_3_0,  0.000000, -0.100046,  0.019621,  0.000109, -0.000993, -0.000027
  190,    31_4_0,  0.000000,  0.012940, -0.277606, -0.001805, -0.000704, -0.000289
  191,    31_5_0,  0.000000,  0.108573,  0.189803,  0.001688,  0.001163, -0.000215
  192,    32_0_0,  0.000000,  0.000000,  0.000000,  0.000000,  0.000000,  0.000000
  193,    32_1_0,  0.000000,  0.129603,  0.062668, -0.000947, -0.000833, -0.000044
  194,    32_2_0,  0.000000, -0.162669,  0.163552,  0.000159, -0.001162,  0.000027
  195,    32_3_0,  0.000000,  0.016469,  0.242444,  0.000160,  0.000642, -0.000596
  196,    32_4_0,  0.000000,  0.016646,  0.130863,  0.001895,  0.000300, -0.000043
  197,    32_5_0,  0.000000, -0.067838, -0.010703,  0.001695,  0.000174,  0.000183
  198,    33_0_0,  0.000000,  0.059420, -0.103536,  0.001278, -0.000242,  0.000072
  199,    33_1_0,  0.000000,  0.000000,  0.000000,  0.000000,  0.000000,  0.000000
  200,    33_2_0,  0.000000, -0.000743, -0.139206, -0.000223,  0.000948, -0.000521
  201,    33_3_0,  0.000000,  0.045207, -0.105539, -0.001291, -0.000954, -0.000316
  202,    33_4_0,  0.000000, -0.009811,  0.114401, -0.001992, -0.000673,  0.000094
  203,    33_5_0,  0.000000, -0.029499, -0.022803, -0.001850,  0.000026,  0.000413
  204,    34_0_0,  0.000000,  0.036580, -0.067127, -0.001137, -0.000133, -0.000066
  205,    34_1_0,  0.000000,  0.011274,  0.060260,  0.000478, -0.000249,  0.000016
  206,    34_2_0,  0.000000,  0.000495,  0.034345, -0.000289, -0.000123, -0.000045
  207,    34_3_0,  0.000000,  0.067510,  0.117241,  0.003248,  0.000940,  0.000258
  208,    34_4_0,  0.000000, -0.030166,  0.275460,  0.000438,  0.000664,  0.000157
  209,    34_5_0,  0.000000,  0.008140,  0.065167,  0.001723, -0.000959,  0.000254
  210,    35_0_0,  0.000000, -0.115378,  0.326920,  0.000921,  0.000854, -0.000520
  211,    35_1_0,  0.000000, -0.142999, -0.115942,  0.002755,  0.000077, -0.000428
  212,    35_2_0,  0.000000, -0.056277, -0.017031, -0.000595,  0.000065,  0.000326
  213,    35_3_0,  0.000000,  0.000000,  0.000000,  0.000000,  0.000000,  0.000000
  214,    35_4_0,  0.000000, -0.209675, -0.370438, -0.001192, -0.000405,  0.000157
  215,    35_5_0,  0.000000, -0.020317,  0.055399,  0.000979,  0.001028, -0.000178


